#####################################niveau de color switch###############################################
niveau 1
1
AUTOMATIQUE
200 300 4 10 BLUE
##########################################################################################################
BLUE
ROSE
YELLOW
==========================================================================================================
400 600
200 800
800 300
200 200
200 -800
==========================================================================================================
CarreRose 800 300 50 50 1 0
CarreJaune 175 -100 50 50 1 0
CarreBleu 175 -200 50 50 1 0
CarreRose 175 -300 50 50 1 0
LigneFin 0 -500 400 8 1 0
